ρ	α	ξ (Nλ=10000, λmax=0.2, λmin=1e-05)
0.9	0.9849609375	20.5966796875
0.88	0.9730078125000001	15.3056640625
0.86	0.9643359375	13.2958984375
0.8400000000000001	0.95484375	11.798828125
0.8200000000000001	0.9446484375	10.61962890625
0.8	0.9338671875	9.65771484375
0.78	0.9223828125	8.84033203125
0.76	0.9103125	8.15478515625
0.74	0.8977734375	7.54833984375
0.72	0.8846484375000001	7.00341796875
0.7	0.87109375	6.517333984375
0.6799999999999999	0.8578515624999999	6.103515625
0.6599999999999999	0.8423828124999999	5.67138671875
0.64	0.8278515624999998	4.649658203125
0.62	0.8119140624999999	4.95361328125
0.6	0.7972070312500001	4.255561828613281
0.595	0.7917871093750002	4.560661315917969
0.59	0.7888574218750002	4.158515930175781
0.585	0.7846582031250002	4.110107421875
0.58	0.7804589843750003	4.062042236328125
0.575	0.7762109375000004	4.014434814453125
0.57	0.7719140625000004	3.9653396606445312
0.565	0.7676171875000004	3.9171600341796875
0.5599999999999999	0.7633203125000004	3.86932373046875
0.5549999999999999	0.7589746093750005	3.8218307495117188
0.55	0.7545800781250005	3.7730789184570312
0.5449999999999999	0.7501855468750005	3.725128173828125
0.54	0.7457421875000005	3.677520751953125
0.535	0.7412988281250006	3.6297988891601562
0.53	0.7368066406250007	3.5812759399414062
0.525	0.7323144531250008	3.5336685180664062
0.52	0.7277734375000009	3.4865188598632812
0.515	0.723183593750001	3.4379959106445312
0.51	0.718593750000001	3.3903884887695312
0.505	0.7140039062500011	3.3432388305664062
0.5	0.7093457031249999	3.2962188720703125
0.495	0.7046582031249999	3.2481948852539064
0.49	0.699970703125	3.2010635375976566
0.485	0.6952343750000001	3.1543785095214845
0.48	0.6904980468750002	3.107514953613282
0.475	0.6857128906250002	3.060026550292969
0.47000000000000003	0.6809277343750002	3.0134307861328127
0.465	0.6760937500000002	2.9672813415527344
0.46	0.6712109375000002	2.919971466064453
0.455	0.6663281250000002	2.873554229736328
0.45	0.6613964843750002	2.827672576904297
0.445	0.6564648437500002	2.7816123962402344
0.44	0.6514843750000003	2.7350166320800784
0.435	0.6465039062500004	2.689402770996094
0.43000000000000005	0.6414746093750006	2.6442352294921876
0.42500000000000004	0.6363964843750006	2.597907257080078
0.42000000000000004	0.6313183593750007	2.5526504516601562
0.41500000000000004	0.6261914062500007	2.507929229736328
0.41000000000000003	0.6210644531250007	2.463118743896484
0.405	0.6158886718750007	2.4177726745605463
0.4	0.6107128906249999	2.373983764648438
0.395	0.605439453125	2.3286376953125005
0.39	0.6002148437500001	2.285374450683594
0.385	0.5949414062500002	2.241159057617188
0.38	0.5896191406250004	2.1979553222656247
0.375	0.5842968750000006	2.154811096191406
0.37	0.5789257812500007	2.1111907958984375
0.365	0.5735058593750006	2.0687011718749995
0.36	0.5680859375000007	2.0263305664062496
0.355	0.5626171875000008	1.9835433959960938
0.35	0.5571484375000009	1.9418273925781246
0.345	0.551630859375001	1.9007659912109376
0.34	0.5461132812500011	1.859883117675781
0.33499999999999996	0.5405468750000012	1.8186431884765621
0.33	0.5349316406250011	1.7785934448242187
0.325	0.5293164062500011	1.7386627197265625
0.32	0.5236523437500011	1.698553466796875
0.315	0.5179882812500012	1.6595748901367187
0.31	0.5122753906250013	1.6213699340820313
0.305	0.5065136718750013	1.5824508666992188
0.3	0.50076171875	1.544880676269531
0.295	0.494951171875	1.5080032348632812
0.29	0.48909179687499993	1.4705169677734373
0.285	0.48323242187499993	1.4342918395996094
0.27999999999999997	0.4772753906249999	1.397979736328125
0.275	0.4713671874999999	1.363407135009766
0.27	0.46536132812499986	1.3283996582031252
0.265	0.4593554687499999	1.2942184448242187
0.26	0.4533007812499999	1.260124206542969
0.255	0.44719726562499984	1.2273345947265621
0.25	0.4410449218749999	1.1942405700683594
0.245	0.4348437499999999	1.1624946594238281
0.24	0.4285937499999999	1.130487823486328
0.235	0.4223437499999999	1.099959564208984
0.23	0.4159960937499999	1.069605255126953
0.225	0.40959960937499995	1.0402946472167969
0.22	0.403154296875	1.010853576660156
0.21500000000000002	0.39666015624999995	0.9829345703124999
0.21000000000000002	0.390068359375	0.9549285888671876
0.20500000000000002	0.3834765625	0.9281402587890625
0.2	0.38277343750000004	1.034765625
0.18	0.35132812500000005	0.9420410156249999
0.16	0.31890625000000006	0.3
0.14	0.28570312500000006	0.30087890625
0.12	0.25953125	0.3
0.1	0.22	0.22532958984375
0.08	0.18367187499999998	0.225
0.06	0.1483203125	0.50284423828125
0.04000000000000001	0.10496093749999999	0.225
0.04000000000000001	0.10496093749999999	0.225
